1.575550
0.189855
0.082525
0.046060
0.018849
0.102365
0.125570
0.026737
0.195396
0.110420
0.988787
0.017329
0.642115
0.057783
0.095800
0.121870
0.093070
0.107865
0.085505
0.093500
0.047200
0.061690
0.034366
0.593909
0.099875
0.145330
0.128265
0.139245
4.603500
0.028853
3.869050
0.196230
0.200045
0.116765
0.166165
0.074851
0.065764
1.257645
0.114450
0.118005
6.283400
0.039195
0.084615
0.240639
0.120190
0.121011
0.067182
0.067620
0.249945
0.089440
0.233255
0.137940
0.095112
0.200775
0.056805
0.021486
0.168130
0.086190
0.577105
0.195025
0.106735
0.045239
0.202065
0.142850
0.060528
3.698050
0.524805
0.178615
0.033474
0.046216
1.111360
0.066295
0.008781
0.078520
0.050136
0.034735
0.186415
0.077890
0.052550
0.072251
0.237370
0.080319
0.039652
0.061211
0.123800
0.013645
0.050310
0.168870
0.049178
0.029140
0.062945
0.204775
0.107730
0.066700
0.367755
2.658965
0.028420
0.119500
0.067820
0.241990
0.291250
0.101050
0.088426
0.150410
0.069105
0.031006
0.750345
0.283605
0.065120
0.058395
4.446400
0.016775
0.262410
0.120610
0.033365
0.104350
0.065470
0.040939
0.180740
0.167335
0.220110
0.012451
0.287410
0.442345
0.679301
0.445908
0.054676
3.407550
0.023840
2.416490
0.112810
0.102293
0.091640
0.043390
0.121820
0.282300
0.075980
0.041878
0.105200
0.157040
0.122225
0.326275
0.099030
0.074400
0.121295
0.109730
0.214850
0.049591
0.080221
2.040200
0.033556
0.082815
0.084680
0.079770
0.137690
0.226670
2.356800
0.044345
0.053791
0.043805
0.051638
0.698340
0.180320
0.830935
0.091940
0.037061
0.016089
0.052158
0.054536
0.093320
0.044066
0.521920
0.238725
0.034080
0.054476
1.139300
0.081385
0.151845
0.387585
0.073245
0.050948
0.873240
0.065915
0.066088
0.241705
0.051281
0.107425
0.032040
0.126080
0.041932
0.315000
0.070370
0.129520
0.067423
0.047773
0.149850
0.215490
0.395190
0.067525
0.114740
0.079068
0.108010
0.066940
0.112305
0.056839
4.161917
0.030892
0.383780
0.136785
0.056370
0.085725
0.148355
0.016018
0.033434
0.062870
0.250145
0.504420
0.157084
0.115520
0.242625
0.039193
0.148990
0.037001
0.325945
0.059220
0.055100
0.149940
0.121205
4.130000
0.272420
0.384385
0.062271
0.304175
0.049165
0.051545
0.688690
7.403500
0.072360
0.058335
0.033610
0.059145
0.056018
3.936000
0.720445
0.140370
0.123275
0.608485
0.025648
0.081345
0.148305
0.047268
0.296700
0.219065
0.048521
0.270265
0.097148
0.046740
0.270000
0.120210
0.053270
0.074305
0.345557
1.687820
0.042968
0.075260
0.115865
0.050761
0.063595
0.190940
0.053890
0.082905
0.038621
0.370640
0.214850
0.433918
0.132235
0.223625
0.078593
0.173172
0.061365
0.198895
0.085115
0.047575
0.013845
0.053454
0.367415
2.426305
0.160970
2.029800
0.199265
0.101950
0.177445
0.015360
0.073050
0.118330
0.029828
1.354000
0.055703
0.222095
0.060260
0.496875
4.471500
0.124320
0.045585
0.128005
0.041573
0.139045
0.103640
0.053198
0.058686
0.058383
0.391695
0.078005
0.025491
0.196605
0.564025
0.187525
0.233860
0.337615
0.947932
0.055417
0.116644
0.203685
0.049665
0.049926
0.451595
0.480589
0.188135
0.084055
0.244950
0.042603
3.989500
0.133435
0.075365
0.120392
0.134250
0.063290
0.070520
0.190130
0.092540
0.082930
0.958585
0.711315
0.088226
0.259560
0.214220
0.073995
1.096900
0.077410
0.025888
0.044285
0.163240
0.084955
0.117855
0.072560
0.103075
0.042600
0.218859
0.043253
0.027299
0.035696
0.068516
0.313275
0.676350
0.562160
0.040471
0.107270
0.042249
0.134325
3.610250
0.050014
0.051905
0.504690
0.245590
0.213095
0.261870
0.081550
0.105075
0.109315
0.207375
0.052992
0.562385
0.145955
0.793165
0.074040
0.346800
0.055936
0.018235
0.036032
0.131165
0.085215
0.108745
0.068860
0.058250
0.160130
0.043928
0.112200
0.576825
12.391000
0.027950
0.035504
0.065315
0.059031
0.125505
0.321970
0.115970
0.127895
0.121465
0.245120
0.014354
3.750400
0.132935
0.088295
0.044120
2.544150
3.115500
0.100600
0.117520
0.040245
0.193698
0.088220
0.079860
2.247805
0.042578
0.168440
0.011989
0.057614
0.044285
0.039527
0.031071
0.035592
0.042505
0.062085
0.236537
0.050133
0.211260
0.044931
0.068869
0.326370
0.519685
0.100080
0.090390
0.058255
0.021314
0.055955
0.253340
0.116390
0.037805
0.044805
0.108878
0.201870
0.337442
0.034195
0.105090
0.572490
0.133065
1.345595
2.070650
0.156148
0.205610
0.076860
0.115095
0.075090
0.186160
0.031758
0.034612
0.191270
0.147890
0.065930
0.092985
0.064245
2.691165
0.115030
0.115785
0.048596
1.880565
0.484675
0.025688
0.068640
0.059030
0.289040
0.078102
0.227695
0.191450
0.060175
0.033280
0.048573
0.074990
0.028420
0.069690
0.034269
0.655450
0.053755
0.106455
0.068084
0.059200
0.183900
0.079825
0.071520
0.071560
0.884455
1.511100
0.065985
0.033512
0.168290
0.122030
0.158775
0.525885
0.747150
0.862585
0.134800
0.035203
0.023978
0.369345
0.299180
7.675500
0.042756
0.202702
0.073980
0.012765
0.273485
0.076285
0.064560
0.299295
0.298475
0.115665
1.696350
5.931900
0.156972
0.094544
0.108825
0.079535
0.030201
0.661792
2.942700
0.095170
0.142685
0.119475
0.221810
0.191040
0.126725
0.040027
0.664162
0.419382
0.054152
0.962695
0.155590
0.284245
0.019331
4.013500
0.065985
4.357500
0.103035
0.053235
0.124065
0.232910
0.059480
0.346405
0.053234
0.039918
0.076775
0.105485
0.053087
0.045125
0.140415
0.120001
0.078080
0.048065
0.125390
0.420882
0.123235
0.212210
0.129590
0.039410
0.130645
0.074740
0.046255
0.204904
0.075650
0.029003
2.439650
0.012815
0.195020
0.164325
0.124815
0.181610
0.651820
0.170505
0.173175
0.170400
0.062910
0.469685
0.059188
0.090425
0.062356
0.048630
0.036042
0.028892
0.026310
0.091430
0.116515
0.067046
0.141995
0.072410
0.357760
0.154840
0.094080
1.471570
0.132590
1.940300
0.044960
0.086585
0.125590
0.564025
0.074085
0.053505
0.015145
4.202050
0.220135
0.117760
0.271610
0.052901
0.036763
0.120780
0.012761
0.020122
0.133055
0.111615
0.054518
0.046933
0.583450
0.054977
0.067000
0.515765
0.017280
0.301585
0.019482
0.098190
0.381668
0.346800
0.068034
0.432603
0.098275
0.108570
0.233765
0.303600
0.085115
0.059515
0.240760
0.074587
0.032125
0.326345
0.098500
0.113555
0.084025
0.162840
0.119500
0.105755
0.290062
0.059891
0.191340
0.735769
0.052848
0.109140
0.029605
0.077051
0.268770
0.090500
0.097648
0.034175
0.050803
0.087745
0.088480
0.126520
4.985500
0.033610
0.067585
0.016148
0.260685
2.486500
0.838020
0.117745
0.553170
0.447993
0.025867
0.024223
0.042790
0.294280
0.035554
0.034615
0.017286
0.042420
0.084600
0.245117
0.016565
0.047065
0.048453
0.045130
0.029677
0.066999
0.052441
0.065640
0.195265
0.052659
0.441787
0.077820
0.021668
0.035196
0.346780
0.067285
0.247260
0.118632
0.148240
0.067985
0.321140
0.051325
0.294476
0.068230
0.173315
0.053209
0.047989
0.254960
0.088925
4.062550
0.069251
0.052561
0.094335
0.030196
0.089700
0.061345
0.055028
0.048188
0.074545
0.105940
0.251562
0.402580
0.034994
0.157620
0.035287
0.237965
0.739040
0.079475
0.143230
0.108315
0.061700
0.122255
0.130010
0.029470
0.289665
0.056075
0.116240
0.458205
1.353745
0.116420
0.093805
0.114170
1.326550
1.146875
0.115865
0.055582
0.037041
0.047625
0.337235
0.168190
0.227375
0.149130
0.117630
0.290090
0.029013
0.014810
0.044381
0.197175
0.142750
0.273510
0.062350
0.072720
0.050990
1.700425
0.100950
0.612217
3.352380
0.209050
0.129895
0.113655
0.016010
0.107085
0.289045
0.054591
0.063440
0.376370
0.569980
0.055416
0.069580
0.731585
1.406850
4.122500
0.124975
0.251230
0.063795
0.060860
0.055741
1.895565
0.072071
0.053313
0.031655
0.187195
0.027474
0.098098
0.546455
0.054029
0.557055
0.128200
0.103585
0.117770
0.066005
2.709150
0.978720
0.022178
0.076210
0.218720
0.129475
0.054660
0.154220
0.077600
0.127880
0.143810
0.023259
0.029500
0.049257
0.073050
0.101350
0.178305
0.023910
0.145345
0.184175
0.129025
0.055273
0.085790
0.133250
0.195625
0.035938
0.132530
0.092095
0.402680
0.062336
0.094162
0.037545
0.186735
0.165375
0.156400
0.083950
0.104270
0.211785
0.054668
0.015696
0.075245
0.150215
4.390167
0.049884
0.117630
0.044038
0.085200
5.907950
0.156310
0.352285
0.087405
0.128885
0.062350
0.027338
0.141149
0.088055
0.101544
0.172080
0.679275
0.179875
0.096480
0.035720
0.396755
0.060925
0.051638
0.080075
0.107235
0.087320
0.151100
0.185865
0.992855
0.305740
0.043265
0.047429
0.038948
0.055856
0.021376
0.543180
0.091505
0.046323
0.179990
5.970350
4.129850
0.847885
0.074795
0.142110
0.361740
0.132965
0.161155
0.083375
0.104110
0.075980
0.092092
0.215281
0.107695
0.077980
0.069385
0.039691
0.050315
0.055628
0.024456
0.061493
0.284770
0.143198
2.508050
1.928250
0.107090
0.190530
0.049650
0.022657
0.044266
0.106345
0.630700
0.232455
0.154110
0.211155
0.140355
0.133915
0.323774
3.773000
3.340250
0.208160
0.049360
0.066759
0.060520
0.052246
0.008698
0.059715
3.028000
0.062045
0.181135
0.151310
0.307455
0.230610
0.070540
0.147000
2.465415
0.087320
0.827730
0.455300
0.053000
0.039840
0.092025
0.081090
1.071950
0.132545
0.125880
0.294280
0.043874
0.073350
3.479050
0.143010
0.031869
3.247960
0.052601
0.028496
0.033667
0.134310
0.836701
3.481550
0.178435
0.322060
0.065814
13.390500
0.072050
4.905500
0.205415
0.067017
1.894000
0.040621
0.353650
0.376980
0.114675
0.058605
0.239430
0.094835
0.050185
0.512080
0.116685
0.077385
2.302250
0.311670
0.056155
0.034376
0.242280
0.070410
0.024155
0.078320
0.233405
0.045065
0.124550
0.050097
0.302510
0.027881
0.227160
0.083580
0.369122
0.131615
0.084655
0.030659
0.097915
0.253045
0.208195
3.484250
0.227955
0.076925
0.034348
0.941670
0.045763
0.157835
0.067785
0.111325
0.293590
0.200730
0.023098
0.078289
0.096300
0.251775
0.030501
0.142530
1.650720
0.048260
0.226430
0.105605
0.045686
0.058713
0.078783
0.164160
1.022545
20.542500
0.155685
0.260390
2.547100
0.137775
1.505500
0.051343
0.074875
0.133970
0.165400
0.061485
1.464120
0.015062
0.055846
0.045045
0.126095
0.065909
0.028668
3.351250
0.076345
0.153070
0.968905
0.911285
0.081305
0.054134
0.079475
0.068355
0.269650
0.035689
0.225890
0.035888
0.104060
0.123650
0.114610
0.051557
0.063589
4.388500
0.042555
0.100415
0.066645
0.231295
0.063045
0.093330
0.116055
0.295550
0.434925
0.107940
0.123235
0.029472
0.152825
0.030875
0.042209
1.426250
0.038305
0.050593
0.846215
0.022218
0.170415
0.146100
0.047707
0.164350
0.085365
0.142820
0.140780
0.044410
0.053691
0.165365
0.266350
0.131845
0.034121
0.052270
0.059764
0.113775
0.031670
0.314200
0.028011
0.052434
0.298250
0.044623
0.059201
0.045972
0.103200
0.045072
0.295490
0.052158
0.712615
0.126585
0.042175
4.352000
0.062695
0.102865
0.086685
0.182935
0.143485
0.511140
0.081140
0.063790
0.073750
0.099095
0.075484
0.160605
0.074551
0.055040
0.147165
0.714270
0.267395
0.056960
0.015580
0.531525
0.034964
0.048297
0.224145
1.693760
6.510500
0.045233
0.123775
0.119460
0.085985
3.912100
0.385085
0.451968
0.070605
0.530575
0.053319
3.999100
0.104475
0.216365
0.086190
0.168780
0.044414
0.053230
0.310640
0.103460
0.739040
4.299500
0.239600
0.114695
0.962695
0.126050
0.657517
0.034239
0.048153
0.121525
0.052736
0.054795
0.136435
0.204142
0.397445
0.079800
0.053390
0.119245
0.059635
0.261455
0.061390
0.140525
0.438227
0.163045
0.040143
0.075180
0.774500
0.194090
0.165680
0.030360
0.624220
0.848835
0.823227
0.039725
0.142760
0.185740
0.133565
0.843895
0.231630
0.027237
0.042381
0.082070
0.605829
0.024248
1.894960
0.154875
0.085715
0.429883
0.055417
0.054932
0.060995
0.263500
0.303970
0.163468
0.067196
0.149540
0.141345
0.061290
0.366675
0.145090
1.112450
0.059708
0.062440
0.040156
0.272755
0.068955
0.294610
0.137005
0.033280
0.054701
0.019832
0.064935
0.094774
0.054407
0.048005
0.589885
0.066255
0.069400
0.034081
1.635760
0.387260
0.119040
0.087255
0.278390
0.029860
0.013776
0.118150
0.076895
4.327500
4.304100
0.375350
0.738355
0.148940
0.179820
0.029643
0.051348
0.092935
0.374825
0.078130
0.077035
0.150480
0.243360
0.035785
0.273150
0.267125
0.236935
0.047320
0.093145
0.038301
0.144515
0.242525
0.124305
0.052875
0.066475
0.028016
0.285740
3.971050
0.236935
0.065290
0.053123
0.116355
0.101220
0.063440
0.177250
0.021783
0.265990
0.099120
0.068130
0.064245
0.273415
0.353310
0.126670
0.019565
0.210355
1.117700
2.523550
0.095734
0.034951
0.056720
2.433900
0.090720
3.905750
1.083640
0.122515
0.079325
0.111955
0.130205
0.074250
0.123555
0.050702
2.068200
0.503460
0.023003
0.187365
0.043809
0.045710
0.049629
0.051459
0.049938
0.484540
0.042935
0.191720
0.576135
0.113926
0.428848
0.315820
0.653790
0.059938
0.387080
3.091450
0.179695
0.196470
0.073195
0.154720
0.129935
0.030605
0.124220
1.411550
0.078240
0.048473
0.032385
0.217775
0.022662
1.505500
0.113000
0.176660
0.049935
0.149670
0.211785
0.138850
0.216135
0.154285
0.114865
0.140165
1.022545
0.097733
0.071410
0.068416
0.043993
0.065986
0.053319
0.217535
0.079055
0.031123
2.180750
0.310345
0.105895
0.186195
0.091940
0.027260
0.102895
0.093020
0.120895
0.363220
0.107765
0.124480
0.081220
0.119505
0.209235
0.055161
0.084190
0.076140
0.097735
0.044269
0.762450
0.140325
0.363520
0.103915
0.245762
0.044175
0.066014
0.027427
0.053027
0.045215
0.066400
0.116835
0.111860
0.068665
0.049751
0.019047
0.206840
2.539550
0.257400
0.084025
3.995100
0.063720
0.078870
0.044119
0.145075
0.066340
0.104975
1.144100
0.112835
1.467400
0.125510
0.044637
0.075285
0.250640
0.145520
0.170640
0.060446
0.113885
0.033613
0.249060
0.050081
0.079825
0.053040
0.622519
0.352195
0.084777
0.326490
0.231630
0.121305
0.186722
0.125235
0.232745
0.024155
0.053347
0.051667
0.056486
0.342675
0.409170
0.111030
0.113445
0.075395
2.415000
0.050906
0.105845
0.205855
0.066914
0.147335
0.013760
0.030485
0.102980
0.076107
0.061230
0.121660
0.283015
0.160360
0.521230
0.366265
0.247795
0.055480
0.040152
0.474080
0.185810
0.030380
0.023795
0.906460
0.201035
0.237095
0.897570
0.157215
0.059931
0.154440
0.125390
0.848930
0.030159
0.129490
0.400955
0.079750
0.060290
0.130880
0.182645
0.083685
0.256517
0.068785
0.302435
0.211850
0.072011
0.097155
0.147000
0.277365
0.125905
1.631500
0.079015
0.124350
0.149483
0.168685
0.379755
0.116398
0.049640
0.576856
0.087870
0.052673
0.116205
0.088125
4.671740
0.122700
0.139890
0.814480
2.739200
0.845985
0.043811
0.020060
0.080915
0.029840
21.790000
0.076620
0.154290
0.269860
0.073895
0.079990
0.055660
2.527800
0.090541
0.048521
0.080595
0.207450
0.074675
0.030436
0.158775
0.090150
0.054376
0.087770
0.154745
0.161855
0.018552
0.077780
0.016035
0.142770
0.127040
0.059220
0.109905
0.316930
0.089840
0.025888
0.050126
0.380195
0.061478
0.026418
0.023004
0.038755
0.085270
0.952850
0.194275
0.041983
5.577500
0.070910
0.698980
0.119865
0.185588
0.405400
0.192686
0.023012
0.113000
4.024900
0.106230
0.029123
0.587535
0.088125
0.111250
0.201415
0.068430
0.179265
0.077420
0.149940
0.032231
0.469332
0.098905
0.018670
0.029958
0.118720
0.081180
0.480605
0.068860
0.035992
0.054253
4.852600
3.266273
0.029632
0.061705
0.108800
0.067795
0.046684
0.117005
0.051830
0.055876
0.064575
1.412928
4.965500
0.032710
0.168440
0.073585
0.059540
0.090860
0.146730
0.069135
0.114335
0.035494
0.088345
0.044808
0.061482
0.294280
0.121055
0.058902
0.018437
0.046495
0.049391
0.300945
0.139605
0.057915
0.080379
0.027217
0.086535
0.080525
0.094990
0.043720
0.031723
0.114080
0.092555
0.104280
0.067755
0.034293
0.053475
0.082640
0.060156
0.141840
0.140205
5.558950
0.059275
0.189605
0.393277
0.128075
0.127860
0.061920
0.097130
0.056815
0.554560
0.043285
0.120190
0.086024
0.057230
0.045123
0.039388
0.096933
0.053876
0.105485
0.044660
0.284770
0.159760
0.479433
0.040648
0.309530
0.061378
0.139567
6.739500
0.249710
0.454599
0.082880
0.649565
0.147455
0.421140
0.148710
0.025828
0.045233
0.126070
0.024079
0.171070
0.049189
0.032033
1.332950
0.048620
0.281685
0.065878
0.025641
0.124205
0.206235
0.350555
0.089748
1.596550
0.035090
0.073385
0.122005
0.148455
0.124845
0.215330
0.127090
0.112410
0.122175
0.022020
0.030424
0.089700
0.390785
0.214865
0.057495
0.194105
0.153690
0.068370
1.502590
0.141225
0.823567
0.165760
0.190265
0.119580
0.066175
0.070540
6.311600
0.089252
0.101210
0.114585
0.091750
0.038526
0.162410
0.017510
1.569220
0.094910
0.126420
0.363275
0.092930
0.076635
0.064560
0.286945
0.078870
0.075860
2.213600
0.057122
0.062200
0.077860
0.113635
0.307755
0.265670
0.105480
0.072275
0.160580
0.068210
0.218975
0.053531
0.034483
0.018145
0.165100
0.072985
0.037940
0.077450
0.047630
0.236055
